%YAML:1.0
calibration_time: "Fri 24 Jun 2016 05:10:12 PM EDT"
image_width: 640
image_height: 480
flags: 0
camera_matrix: !!opencv-matrix
   rows: 3
   cols: 3
   dt: d
   data: [ 3.6349515979616513e+02, 0., 3.6614987451355330e+02, 0.,
       1.1330935368897507e+02, 2.3302262743508774e+02, 0., 0., 1. ]
distortion_coefficients: !!opencv-matrix
   rows: 1
   cols: 5
   dt: d
   data: [ -2.8440630016955865e-01, 2.7800237167047931e-01,
       1.1340867388965739e-02, -2.2865023553238842e-02,
       5.0381551198566792e-03 ]
avg_reprojection_error: 4.7823471202950367e+00
