%YAML:1.0
calibration_time: "Fri 11 Dec 2015 02:01:47 PM EST"
image_width: 1280
image_height: 720
flags: 0
camera_matrix: !!opencv-matrix
   rows: 3
   cols: 3
   dt: d
   data: [ 1.4754594470729324e+04, 0., 6.0919308050287441e+02, 0.,
       1.4135587725879159e+04, 3.6625991388515143e+02, 0., 0., 1. ]
distortion_coefficients: !!opencv-matrix
   rows: 1
   cols: 5
   dt: d
   data: [ -1.9829430812565656e+00, 6.9667068407573307e-01,
       -1.4206835160092518e-01, 6.6225678779187917e-03,
       2.3963527784873753e-03 ]
avg_reprojection_error: 6.9526362408466918e-310
