%YAML:1.0
calibration_time: "Fri 24 Jun 2016 06:33:05 PM EDT"
image_width: 1280
image_height: 720
flags: 0
camera_matrix: !!opencv-matrix
   rows: 3
   cols: 3
   dt: d
   data: [ 5.3678433367332909e+03, 0., 6.1793436860738097e+02, 0.,
       5.3780273499583463e+03, 4.2966937745896968e+02, 0., 0., 1. ]
distortion_coefficients: !!opencv-matrix
   rows: 1
   cols: 5
   dt: d
   data: [ -6.0585266486997899e-02, 3.1746973158425938e+01,
       6.4263996777798819e-03, -1.4218130900927013e-02,
       4.4481216973437299e-01 ]
avg_reprojection_error: 1.1743473278040006e-01
