%YAML:1.0
markers:
    - { id: 22, x:0.652, y:-0.3825 }
    - { id: 23, x:0.657, y:0.2625 }
    - { id: 24, x:-0.650, y:0.2015 }
    - { id: 25, x:-0.647, y:-0.3875 }
