%YAML:1.0
markers:
    - { id: 22, x:0.15, y:-0.15 }
    - { id: 23, x:0.15, y:0.15 }
    - { id: 24, x:-0.15, y:0.15 }
    - { id: 25, x:-0.15, y:-0.15 }
      #- { id: 22, x:0.652, y:-0.3225 }
      # - { id: 23, x:0.657, y:0.3225 }
      #- { id: 24, x:-0.650, y:0.2615 }
      #- { id: 25, x:-0.647, y:-0.3275 }
