%YAML:1.0
markers:
    - { id: 22, x:0.4, y:-0.3 }
    - { id: 23, x:0.4, y:0.3 }
    - { id: 24, x:-0.4, y:0.3 }
    - { id: 25, x:-0.4, y:-0.3 }
